5
14
3
14
10
11
31
5
13
3
1
26
4
2
44
3
8
1
1
1
9
7
1
5
3
9
4
10
4
9
9
9
1
17
22
4
15
12
5
23
12
5
4
7
2
1
24
17
7
12
3
11
1
39
3
16
11
14
2
3
4
11
27
38
20
8
3
4
19
18
1
14
3
16
9
1
25
19
1
4
2
20
2
16
10
1
4
3
7
6
4
8
2
17
1
2
29
7
7
3
15
18
3
2
10
27
6
29
8
3
6
16
14
2
1
17
3
4
3
1
3
21
10
3
8
10
9
3
14
1
1
28
20
18
17
20
14
6
1
11
17
37
1
11
5
6
26
15
1
19
27
4
16
3
23
4
54
20
9
4
1
11
18
8
16
20
6
4
11
13
2
1
3
1
5
9
8
2
1
1
15
5
3
1
19
3
1
6
1
3
7
14
6
7
5
12
1
12
12
4
12
2
20
4
1
6
13
1
7
3
1
32
9
8
14
15
15
29
12
3
7
9
2
13
3
3
10
3
6
1
2
3
9
10
3
22
1
6
4
1
6
4
4
8
8
23
35
1
15
5
3
4
9
24
10
15
21
4
4
20
6
17
11
23
18
23
1
9
1
2
1
3
4
3
5
3
7
4
1
2
1
7
13
11
6
12
10
17
7
17
2
10
9
7
4
1
13
6
25
8
2
4
1
11
2
2
5
1
4
1
30
6
12
16
2
4
5
5
11
1
2
1
29
2
15
5
25
11
26
8
26
2
11
4
8
4
1
2
10
6
9
6
14
1
7
11
38
14
4
6
9
1
12
5
6
9
10
4
4
10
17
3
4
4
8
1
1
16
3
17
14
14
5
13
28
9
21
3
11
4
8
5
7
2
2
1
2
13
16
1
8
7
26
20
3
6
1
18
7
3
19
21
21
6
8
1
7
25
14
2
6
2
16
2
2
11
20
1
21
3
8
13
1
3
5
13
10
43
17
2
15
16
5
7
3
6
31
8
7
38
5
1
18
19
6
8
21
8
25
7
8
28
10
2
12
2
17
1
12
11
12
24
18
12
4
20
10
1
27
3
10
14
27
21
8
5
9
6
6
16
7
8
4
40
6
18
27
10
4
9
1
15
1
7
2
11
1
2
2
14
6
13
5
6
2
10
2
1
11
1
28
9
11
1
1
2
4
19
4
32
13
7
2
17
25
3
2
12
5
3
15
14
6
13
19
15
20
16
2
4
9
11
7
18
4
4
7
4
2
8
4
4
7
5
5
6
39
3
1
14
2
4
58
23
5
4
15
9
4
3
1
7
3
12
25
8
7
1
17
12
2
2
6
2
15
35
7
15
14
24
9
18
7
12
2
11
6
19
1
1
6
3
2
4
2
10
10
17
3
21
6
9
12
13
4
26
5
5
1
1
3
24
2
25
14
4
1
8
7
4
20
37
6
10
10
42
39
8
6
4
11
38
7
6
19
7
3
6
1
13
11
2
3
15
4
14
5
11
5
10
29
1
13
23
5
15
5
2
2
1
4
2
4
13
3
44
14
2
1
7
21
8
5
6
2
5
7
1
3
5
19
2
7
5
1
3
1
7
1
3
4
23
4
6
4
10
4
3
2
8
6
14
1
4
12
17
8
11
19
1
5
4
9
7
18
2
3
6
5
12
3
5
17
5
11
2
4
9
1
1
2
2
14
26
4
2
1
6
8
6
10
21
1
30
10
38
5
10
42
11
4
38
9
66
6
18
2
3
1
6
9
10
3
1
11
4
2
19
2
6
14
7
3
3
12
4
10
2
23
6
5
4
6
1
7
5
1
7
30
2
4
16
10
4
6
1
1
9
9
1
6
4
8
13
25
9
2
2
29
7
7
16
5
1
4
3
7
5
4
10
5
5
3
5
20
3
31
4
3
4
6
5
13
6
14
19
2
1
2
9
33
22
8
3
20
13
2
23
3
2
12
10
2
20
30
26
3
15
3
6
43
2
30
2
11
15
1
11
10
20
9
4
5
8
1
14
13
5
3
35
6
3
4
6
3
5
1
7
1
2
3
8
12
1
2
8
2
11
4
17
20
15
8
10
2
4
13
6
2
5
8
5
11
12
3
5
20
6
12
3
11
2
5
13
5
28
11
22
6
3
12
9
27
27
6
3
1
31
3
7
4
5
5
1
4
17
4
6
2
9
15
4
3
10
4
36
2
4
7
18
16
1
49
21
5
1
19
11
12
5
3
12
1
36
4
1
6
5
9
1
28
8
4
18
1
15
1
28
10
12
11
